navya bathla saumya bathla vandana bathla